1  4.4729444396527489	6.978282560562535375e-01	1.200746499468094142e-01	
1  3.75068558975156252	7.014081437234603866e-01	1.198169484878499752e-01	
1  4.29838075957233734	6.986652669911246338e-01	1.197539062563095780e-01	
1  3.57264464099925494	7.023424430340652336e-01	1.199014415736798511e-01	
1  1.38293418179867844	7.166841219338392355e-01	1.196670744453656315e-01	
2  0.648875910667170652	7.241235146816789037e-01	1.196376719043501236e-01	
1  0.691608407479032961	7.235993461634537827e-01	1.197445783958612647e-01	
1  0.520302093521691766	7.258145787677600103e-01	1.195608066073394621e-01	
2  0.71754802111200533	7.232890398285678479e-01	1.196536973139563087e-01	
1  1.54929634826602336	7.153039956927367271e-01	1.198112781381297370e-01	
1  1.78174383072614839	7.134943727539301284e-01	1.197499115106973183e-01	
2  2.57783076872688799	7.080573637490328309e-01	1.198735305280385910e-01	
1  1.16288064134384816	7.186443655128474939e-01	1.199443674031289847e-01	
1  0.267695187019572234	7.299098067861442551e-01	1.198987106445424666e-01	
1  0.0698903789176436446	7.349910083810663464e-01	1.198759185959532014e-01	
1  0.256173898172522119	7.301358566689063467e-01	1.198763296211966672e-01	
1  0.0582330712926301952	7.354539466582700191e-01	1.198797813234309534e-01	
1  0.117119109072470515	7.471725391455229515e-01	1.199844348337318484e-01	
1  0.471689795836906733	7.540921376466850345e-01	1.200784381293630715e-01	
2  0.0893743863150012613	7.463035741448834637e-01	1.199671256606338471e-01	
1  0.14071935568391461	7.327667867572854599e-01	1.200127416592955826e-01	
5  0.260178169037750928	7.505432735006707379e-01	1.199264549556224718e-01	
1  0.195014220173840153	7.491682204929571709e-01	1.199795241496212916e-01	
1  0.230416182185251645	7.306603818565428066e-01	1.199909268615623054e-01	
1  0.124401704114855197	7.473829880160450800e-01	1.199507437167964263e-01	
1  0.160583074581227392	7.483473562315282601e-01	1.201491261535753002e-01	
1  0.0549931299236798565	7.450093130534740649e-01	1.203988327040259876e-01	
1  0.0218070708731645177	7.373344721310144401e-01	1.204768213388741072e-01	
1  0.136666401616261146	7.328760639520665032e-01	1.206201326156003811e-01	
1  0.142170842005189035	7.327280347885206657e-01	1.206795981967903469e-01	
1  0.10039061688733647	7.339371761003210537e-01	1.207863891075557639e-01	
1  0.290861206216307122	7.294695564613948857e-01	1.206998514909819326e-01	
1  0.0158111320485536805	7.377748637002052856e-01	1.207339105593415590e-01	
1  0.0696540836668053387	7.349999906734846489e-01	1.211028380874284438e-01	
2  0.793738907041513397	7.224086885211926656e-01	1.209163827657477180e-01	
1  0.441906331345294001	7.536496061853872330e-01	1.208409150173268692e-01	
1  0.858197710292056271	7.589036010655619835e-01	1.210804371405690416e-01	
1  0.824819286853984979	7.585382324253879816e-01	1.208497231466634375e-01	
1  0.0746267013526651507	7.348140674337444445e-01	1.210761932843895800e-01	
1  0.278355090667906147	7.297049520546363688e-01	1.210100792794237268e-01	
1  0.000899261066105825832	7.409022076076728913e-01	1.210908118409865369e-01	
2  0.199017402318053316	7.492587799396359660e-01	1.212952609063439185e-01	
1  0.314840579234340168	7.515680481359294784e-01	1.211991341937840444e-01	
2  0.000901235773274620456	7.409028684455551961e-01	1.210214375879611198e-01	
1  0.178589003080106057	7.487865407064447920e-01	1.214181181509230018e-01	
1  0.139723591039414119	7.478065124921213780e-01	1.213964022134088050e-01	
1  0.0336526450174148214	7.439839433603983032e-01	1.216816494983166685e-01	
1  0.0508503898930837139	7.448284594771381606e-01	1.215224178027382862e-01	
1  0.103880549863299018	7.467724761991737514e-01	1.214508538046655123e-01	
1  0.0427304218553441334	7.361488164909482101e-01	1.213434000024179865e-01	
6  0.27679620987627146	7.297346615994136920e-01	1.213970948037815939e-01	
1  0.0532454504981419927	7.356661220045310756e-01	1.210587598404408993e-01	
1  0.409847361752587569	7.274437468892532843e-01	1.211544395791490508e-01	
2  0.0449378720937151019	7.360429417366033400e-01	1.214369988562115504e-01	
1  0.0862334867558830903	7.344028616652724661e-01	1.214585475587036667e-01	
1  0.180495160948224431	7.317682892391267346e-01	1.216525549311937848e-01	
1  0.00459219903115765365	7.416608607663112140e-01	1.215565516287751141e-01	
1  0.504229726600510131	7.545599356290080273e-01	1.213420723127399542e-01	
1  0.027164654791837356	7.436098280898638668e-01	1.209755736458808378e-01	
1  0.206276228431702319	7.494206950065187556e-01	1.209193371566355535e-01	
1  0.00195699743272341985	7.394116206189533802e-01	1.207805287942530781e-01	
1  0.145592831087362706	7.479625502883120447e-01	1.207198950284331523e-01	
1  0.894586310108099969	7.592939139500102241e-01	1.204734709911402246e-01	
5  0.640574492712580379	7.563726749927051074e-01	1.204642750588573868e-01	
1  0.0082806224496712235	7.421274051060187116e-01	1.206232915347535684e-01	
1  0.156294989380658222	7.323608159539262141e-01	1.205017108975024870e-01	
1  0.425552491792982657	7.271997401212695333e-01	1.204270951178017246e-01	
2  0.155351591738563166	7.323848127049116252e-01	1.204408583247121439e-01	
1  0.535235289306944639	7.256081761693210508e-01	1.204333399473506011e-01	
1  1.19498944465334556	7.183474296894463151e-01	1.203717041902620799e-01	
1  0.173943849465855782	7.319245551991198084e-01	1.201716633403087237e-01	
1  0.52971410177449374	7.256841489141542256e-01	1.203036929627459423e-01	
2  1.03332277620403334	7.198863180884103041e-01	1.204346421440384840e-01	
1  0.14983525017871735	7.325266120840348005e-01	1.202625237402032282e-01	
1  0.000413840740477058693	7.398914737538179187e-01	1.202109167718309335e-01	
2  0.0511670495911675099	7.448425375902820722e-01	1.202606402195641744e-01	
1  0.0109311014042671687	7.423995939070002770e-01	1.202722767975310109e-01	
1  0.110903297189157951	7.469876813388829362e-01	1.201829316173764067e-01	
1  0.000602599558159424274	7.407929668851094274e-01	1.203433136847401747e-01	
2  0.0290601689440178057	7.368766412791318832e-01	1.203154687595138078e-01	
2  0.000114871979207578417	7.405152337607691093e-01	1.203272825584088546e-01	
1  0.0267844593237111794	7.435865843601018321e-01	1.202103773263243358e-01	
1  0.0740188059823546213	7.348364568202891967e-01	1.203533122667503341e-01	
1  0.172462108877270509	7.319603046058008600e-01	1.202653290214680537e-01	
1  0.00011089445027451212	7.405114746176416629e-01	1.205208569544635733e-01	
2  0.00170764424151870079	7.394701453321697038e-01	1.205421705887503858e-01	
1  0.0365871576966333989	7.441412067056978330e-01	1.203987089879668959e-01	
1  0.00180536117508198397	7.394467321319262432e-01	1.203872056311617311e-01	
2  0.0438429044048445002	7.360951258653336549e-01	1.206084480464584274e-01	
1  0.0170736184654809234	7.429240138823487438e-01	1.206529407314825275e-01	
1  0.1351899617899818	7.329162741254388047e-01	1.207788453593452022e-01	
1  0.0210210341265820617	7.432115910843674067e-01	1.208694695953392850e-01	
1  0.422064611917212895	7.533464637620304050e-01	1.209328946310262720e-01	
1  0.22447167843637772	7.498144594423341580e-01	1.208735681804328360e-01	
1  0.000560824171933163476	7.407755724677240750e-01	1.208598948877962764e-01	
1  0.370790586617700424	7.525283452589132116e-01	1.206600070650407641e-01	
1  0.167901044988924802	7.485286775014660110e-01	1.209731887156209607e-01	
1  0.00182492527248216663	7.394421213000157422e-01	1.208000508414302093e-01	
1  0.252216533237814677	7.503853301147828114e-01	1.206340604559110741e-01	
1  1.11827425826637937e-05	7.403671548689875204e-01	1.207488066776140345e-01	
2  0.0704672057708310151	7.349691450269904003e-01	1.205538037726711781e-01	
1  1.00794520133742194	7.201385481476318962e-01	1.207660416198382408e-01	
1  0.204297875286776703	7.312231477292151505e-01	1.207886148828310191e-01	
4  0.00167705075246499962	7.394776126050004450e-01	1.206532157002091071e-01	
1  0.00722440264224432412	7.385931147966062760e-01	1.206315238098952247e-01	
1  0.00718614814001188387	7.385976399258957770e-01	1.207543460037545230e-01	
3  0.0255424382977685709	7.370905211456181272e-01	1.207147374775354304e-01	
1  0.257105828844446938	7.504826145295001583e-01	1.209721317400075241e-01	
1  0.483206228930788961	7.542594916814047146e-01	1.212653714397998878e-01	
1  0.370537761884732586	7.525241755800902155e-01	1.211948471162157814e-01	
1  0.138688889348261429	7.328213333209476765e-01	1.212577113573013593e-01	
1  0.188197624368151795	7.315881495676757051e-01	1.210305555698756030e-01	
4  0.110545472348074769	7.336231161393557132e-01	1.211974315855396112e-01	
1  1.0802613335870983	7.194278225714467734e-01	1.210717543969413584e-01	
1  1.93001706043360199	7.124013032538853984e-01	1.207786187473614686e-01	
1  2.62653497292785865	7.077542011331362515e-01	1.207833897108393090e-01	
1  0.592753078627165642	7.248389049046076726e-01	1.209068889932800456e-01	
2  1.3785808267641193	7.167213215845875673e-01	1.215052501508550320e-01	
1  0.830044814459088287	7.220040858994402067e-01	1.215333894941006548e-01	
3  0.0661719546065471925	7.351341674578313334e-01	1.213741464927393376e-01	
1  6.81699800405266012e-05	7.401341941208799957e-01	1.217133729915244045e-01	
1  0.718920556049605808	7.573272217887617730e-01	1.217392517968798188e-01	
1  1.02636631338161233	7.606448520972882710e-01	1.215404268821514838e-01	
2  1.25157555980726531	7.627663168267313498e-01	1.215869669532944480e-01	
2  1.00805497408258682	7.604625496886684433e-01	1.218482016759411118e-01	
2  0.800350255834372803	7.582656686814848168e-01	1.219684352626429907e-01	
1  0.0510347591585530863	7.448366615118896528e-01	1.221452848764551929e-01	
1  1.61976705691097405e-06	7.402744418377281699e-01	1.219775883039108388e-01	
1  0.213238071458965284	7.310266699908839483e-01	1.218407082127117569e-01	
1  0.0747249774502178193	7.348104564027485575e-01	1.218098476857810697e-01	
1  0.00301138572872611905	7.391979874607425005e-01	1.218147918098765325e-01	
1  0.576441194715097249	7.250531247462076445e-01	1.214001205913796955e-01	
4  1.27553869742384696	7.176196286208296193e-01	1.212753931001224750e-01	
1  0.20368608180106737	7.312367487583795178e-01	1.214119959882611482e-01	
1  0.00941817378497118891	7.383511128498542186e-01	1.215975628889519045e-01	
2  0.048319167643468712	7.358856876042515482e-01	1.218475441454718033e-01	
1  0.438136550455361484	7.535925433257761874e-01	1.221169721417564441e-01	
1  0.334745226043191624	7.519187802612278260e-01	1.220760229692389315e-01	
1  0.381462261181774009	7.527030681965949377e-01	1.221274907135945081e-01	
1  0.79046920067797144	7.581544229604154639e-01	1.223100231830830248e-01	
4  2.83444068772109103	7.741093661659629310e-01	1.221294445150110930e-01	
1  2.31546802014662934	7.708578458528203559e-01	1.221662157445796842e-01	
2  1.63559032332431564	7.659826958396159791e-01	1.222766373148082841e-01	
1  0.793429073214259928	7.581878192255468996e-01	1.223605739990832053e-01	
1  0.618367589032981058	7.560916206041438103e-01	1.224552262555874405e-01	
1  0.605738230360265861	7.559295269774771731e-01	1.223735711614490212e-01	
1  1.08759262845889793	7.612428831636167681e-01	1.224002910695780738e-01	
1  0.753569951531461002	7.577327189518332506e-01	1.221971658715312742e-01	
1  0.761073968569314419	7.578193010718073941e-01	1.221066837799251459e-01	
1  0.336495794760859501	7.519491211733400071e-01	1.220873978572501045e-01	
2  0.160548653637835409	7.483464937108696979e-01	1.219807611347804160e-01	
1  0.121161387430728698	7.472901333551702496e-01	1.221290570781037588e-01	
2  0.0712596686192951551	7.456607461384390234e-01	1.220482454135519007e-01	
1  0.0102609681804324872	7.423342180924877853e-01	1.219369196712576375e-01	
1  0.0056718834974928108	7.387875988703822561e-01	1.215653447374893115e-01	
1  0.186934170640936426	7.316174420626132546e-01	1.216456608379090087e-01	
1  0.269281375140708878	7.507209305230744256e-01	1.214976628036467110e-01	
1  0.000268290685152060434	7.399710679895356025e-01	1.212978507665898598e-01	
1  0.0871539485588166546	7.343714719892033838e-01	1.210718269565457389e-01	
1  0.0125172490624425297	7.425467657202969862e-01	1.213724132998902916e-01	
1  0.00555134516781929845	7.417962441242250682e-01	1.214614455208448129e-01	
3  1.60345359551489741	7.657291322305588288e-01	1.213095437387255726e-01	
1  2.27652687548580435	7.705997979918334240e-01	1.211190198073103935e-01	
1  2.34778100080176655	7.710703285975846200e-01	1.213870458897278876e-01	
1  2.24718012167300252	7.704038668524209044e-01	1.214807856603742214e-01	
4  1.14938286319596172	7.618295871086666615e-01	1.215424609056929700e-01	
1  1.86288816297560267	7.677092236001824554e-01	1.215732782184676258e-01	
1  0.501346454089039772	7.545191067935024254e-01	1.215576247912376479e-01	
1  0.154491881814193377	7.481932557349947333e-01	1.216493011992145351e-01	
1  0.00236753907766287103	7.412771290391958479e-01	1.218912621377414712e-01	
1  0.146275421959920743	7.479804916618661981e-01	1.218378898742200206e-01	
2  0.0855103604652084764	7.461723605277953419e-01	1.220716255635104081e-01	
2  1.82350704039935625e-06	7.402728820369633977e-01	1.217332837830998049e-01	
1  0.0940926381874895162	7.341399935772556784e-01	1.215870978025290899e-01	
1  0.0175504212337509145	7.376395989258859309e-01	1.218724404505545089e-01	
1  0.303302760297484042	7.292403464261862922e-01	1.222201987058856160e-01	
1  0.338714971729829339	7.286125291957923356e-01	1.219155522063587044e-01	
1  0.309114451305763371	7.291348902413550270e-01	1.220133368294317316e-01	
1  0.254325594593773352	7.301725903712855681e-01	1.221093446244769093e-01	
1  0.102725481312233385	7.338636087670498132e-01	1.221261078841003600e-01	
1  0.0686835022027976749	7.455629538064041384e-01	1.220865701212249521e-01	
2  0.000116806684004014771	7.400829612948685021e-01	1.222835589899008424e-01	
2  0.0227741904985640196	7.372694265321129148e-01	1.221619536342898327e-01	
1  0.0873214158578726612	7.343657788558932697e-01	1.218814525162642687e-01	
1  0.105230289859032863	7.337856104434604676e-01	1.216940775785565476e-01	
1  0.00565153137561838145	7.418096852563230703e-01	1.218179527258837908e-01	
3  0.322099778375673884	7.516972101245585902e-01	1.218358485165672994e-01	
1  0.108350527236067931	7.336897352077422774e-01	1.219407091363135243e-01	
1  0.0147214425770704239	7.378634320525622181e-01	1.222310827353486756e-01	
1  0.119755468006873589	7.333505406585970610e-01	1.222342685916343874e-01	
1  0.00210046507039288524	7.393796329245414523e-01	1.219723832941975034e-01	
1  4.30170760699568775e-05	7.404317115273523209e-01	1.221068201271719444e-01	
1  0.186789623448021219	7.316207996137824576e-01	1.224679345177482337e-01	
1  0.388192880403582852	7.528120112215884729e-01	1.223433460042950421e-01	
1  0.0703855971212834497	7.456277672253084354e-01	1.221089861150841394e-01	
1  0.395346056317699535	7.276732364561696587e-01	1.221539520392368600e-01	
2  0.199364864898643163	7.313334029466956876e-01	1.221773995002551072e-01	
1  0.638651755981114566	7.242514648596183324e-01	1.222306053281373289e-01	
1  0.879167709777477824	7.214704818436832312e-01	1.222966516159484235e-01	
1  0.00206144131966461272	7.393882225845117562e-01	1.222154279559996698e-01	
3  0.239892905632300174	7.304641466570818142e-01	1.222914185146733584e-01	
1  0.22880229329150728	7.499057997500779837e-01	1.222456263344251781e-01	
1  0.0742204038222187695	7.457709783817361160e-01	1.221844796384519705e-01	
2  0.284485425535328851	7.510110822240279038e-01	1.221703905272915197e-01	
1  0.649692081599367088	7.564866556974376710e-01	1.223285781775945991e-01	
3  0.463111906056530798	7.539661541581557103e-01	1.221471502797427111e-01	
1  0.0135385355332905601	7.426366259028490679e-01	1.220138755923107499e-01	
1  0.0422314038184112284	7.444268729725893596e-01	1.221695512408804141e-01	
1  0.000246654007179218497	7.406153896447494889e-01	1.224154677581632683e-01	
1  0.103544252648501964	7.338380091142057138e-01	1.222304283705541172e-01	
1  0.000915209519055138767	7.396924757660433558e-01	1.224630023556785158e-01	
1  0.314632309856980985	7.515643205706834529e-01	1.223235615571071355e-01	
1  0.315022916836735556	7.515713105671841809e-01	1.226029802519990469e-01	
1  0.0249134916732430788	7.434697181139630073e-01	1.226737271084230307e-01	
1  0.15176786905054751	7.324766409879959195e-01	1.227354524380652318e-01	
2  0.680808779352981341	7.237302515246165635e-01	1.226414789058702937e-01	
1  0.255783298763226197	7.301436084791282921e-01	1.227584398898708268e-01	
3  0.188322913789800095	7.490147498342264454e-01	1.226653891226586052e-01	
1  0.435323497385567582	7.535498022636434312e-01	1.225211857355132106e-01	
1  0.0340669935127992443	7.440065532700665951e-01	1.226005147510557530e-01	
1  0.0215076706016833971	7.373549001035198946e-01	1.228754026882856037e-01	
1  0.0756023824874208911	7.458216780791283584e-01	1.231901382045802740e-01	
1  0.083741415437809455	7.461113026093776357e-01	1.232304181487269279e-01	
1  0.668791145072221926	7.567228527663352189e-01	1.232533708514206017e-01	
1  0.217018122913802597	7.496551626714171856e-01	1.234305766099425411e-01	
1  0.361947777872755394	7.523816513714195464e-01	1.235232529394349327e-01	
1  0.754935399450448186	7.577485056062224222e-01	1.235141496571561526e-01	
1  1.25770378520430381	7.628212517968515627e-01	1.235531550903516823e-01	
1  0.769042502768625069	7.579107768288775304e-01	1.239491504040521747e-01	
1  0.468364605292200475	7.540434376348218448e-01	1.239974185517238175e-01	
1  0.650981333997149747	7.565027081802508935e-01	1.240417803255172424e-01	
1  0.286940725839459509	7.510572048375280252e-01	1.241529100132040125e-01	
1  0.864291347434994917	7.589695317186474499e-01	1.240580743995601254e-01	
1  1.16225327371846254	7.619497921520087536e-01	1.237203038958968743e-01	
1  0.637087984362683324	7.563288752672725490e-01	1.238058857452620509e-01	
2  0.95597099110641881	7.599347646100836906e-01	1.239013720315105122e-01	
1  1.68816378771027753	7.663921960039357106e-01	1.240283679132085093e-01	
2  1.35204353489473084	7.636506341830868738e-01	1.238853409398831540e-01	
1  3.13922134071608117	7.758806855229628541e-01	1.240815250250874580e-01	
1  2.58220058176194156	7.725699527519479526e-01	1.239685267190596546e-01	
2  2.29045765877222385	7.706923635907058090e-01	1.241340873482301016e-01	
1  2.81806351571378544	7.740115507595994870e-01	1.242125462432894373e-01	
2  2.93265379026804363	7.746901238808366896e-01	1.239092063921656411e-01	
2  1.96497087105105361	7.684501945442205884e-01	1.244280021798543079e-01	
1  2.31114441124890924	7.708293026151672445e-01	1.243424639335546367e-01	
3  0.855552167403343278	7.588749045238574187e-01	1.241923845569074814e-01	
1  0.0853136377796516882	7.461656017460936985e-01	1.239393515728956785e-01	
1  0.0765463390628195045	7.347439575580045901e-01	1.242756644216501671e-01	
5  0.219924560301434563	7.308824006945313645e-01	1.242120081963368483e-01	
2  0.105275888619364238	7.337841991771987260e-01	1.240309221988865895e-01	
1  0.0655016536378375813	7.351603981789376352e-01	1.237076263761862777e-01	
1  0.224045135361621101	7.307945845862142686e-01	1.234022914906370144e-01	
1  0.192654428421217799	7.314855982679645541e-01	1.235307748925197346e-01	
1  0.299569608851284697	7.512913798886921013e-01	1.232570982269896032e-01	
1  0.118975868636161761	7.333731978299079524e-01	1.232337461910184839e-01	
1  0.00548298995056116685	7.388129962383159777e-01	1.234214182373138541e-01	
1  0.421067380481180364	7.272689580922916397e-01	1.233177160944320533e-01	
3  2.03155424998999035	7.116768415800078795e-01	1.230285977609651277e-01	
1  0.938256883974825984	7.208480017435388021e-01	1.231033907222154333e-01	
1  0.102625018397019985	7.338667568506117567e-01	1.233448307227610341e-01	
1  0.107926960237204606	7.468973316215314906e-01	1.232688424989257375e-01	
1  0.0243458629491957006	7.371665993537129813e-01	1.233726885586788335e-01	
1  0.0873576537131245251	7.462354523491835367e-01	1.234106156879310745e-01	
1  0.0295626101115690695	7.437528262924441025e-01	1.234909369074879831e-01	
1  0.00023768901118781903	7.406096049489782063e-01	1.235135638028930366e-01	
2  0.0594123289294020418	7.354051247196021768e-01	1.236924008403546132e-01	
3  0.000161385168207397881	7.400448854950523181e-01	1.237263034245728310e-01	
1  0.0434399534796605438	7.361144935265516720e-01	1.240282863836593558e-01	
1  0.45941794097595412	7.266884583078629944e-01	1.239254533775851902e-01	
1  0.751414514720723736	7.228922303123985760e-01	1.240445649980206205e-01	
1  1.24667915362361081	7.178776725321983632e-01	1.239072026408566396e-01	
2  1.25083130039562551	7.178403640540735875e-01	1.240773988084218071e-01	
1  1.29571836373750893	7.174409251777753571e-01	1.237346609958323435e-01	
1  0.878076781096039261	7.214821679176263158e-01	1.236739968433631653e-01	
1  2.74654969019022221	7.070189459442776103e-01	1.235588450583338244e-01	
2  1.50189187610725128	7.156893731124838176e-01	1.232956985955299817e-01	
2  1.85290745160133929	7.129642995867713218e-01	1.231792167393938042e-01	
4  1.56002707240053606	7.152175815010256565e-01	1.229800841568982755e-01	
1  0.775045348312094595	7.226206253485225606e-01	1.230132116639684886e-01	
1  1.40533331756843083	7.164936390788302356e-01	1.229277812704951400e-01	
1  0.894654987559948545	7.213053569819494193e-01	1.228548036067266258e-01	
1  0.905258163768993707	7.211931291864742688e-01	1.228826029374429502e-01	
1  1.00413354449072911	7.201767056419128288e-01	1.227852705967765606e-01	
1  0.139377291456495883	7.328027955811131644e-01	1.230431217093741619e-01	
2  0.747505670219418605	7.229375667982252951e-01	1.229278521517074979e-01	
1  0.613307610769522671	7.245731219477248297e-01	1.229922604227781657e-01	
1  0.0193364440596464626	7.375075098638715909e-01	1.228292153004261061e-01	
2  0.00380256699552021862	7.390616546451197477e-01	1.224948443945231835e-01	
1  0.766142749583117011	7.227224561427973981e-01	1.222326466589004484e-01	
1  0.113824777978633232	7.335248057988553727e-01	1.224298809750104383e-01	
1  0.0161355463984170257	7.377490897405918346e-01	1.225889036562897438e-01	
2  0.137374696402209756	7.328568509644718398e-01	1.226613531639424437e-01	
1  0.0315372931090249706	7.438662809150440314e-01	1.226691534506939851e-01	
1  0.245731663614199958	7.502548312543374509e-01	1.227814958861244976e-01	
1  0.0757086871668392059	7.347744412625831778e-01	1.230467174140471714e-01	
2  0.74246941877476702	7.229961545544497659e-01	1.228386179742967377e-01	
2  0.0678535707752935674	7.350689400670360474e-01	1.223400238400606105e-01	
2  0.321704215704353202	7.289097903395392875e-01	1.221311350156361886e-01	
1  0.166169197874976443	7.321138706265402085e-01	1.224245453478663426e-01	
1  0.105981329519893572	7.337624048329081106e-01	1.224636702395425630e-01	
1  0.000692572984549658186	7.408284891987629850e-01	1.225631492425125618e-01	
1  3.45889726952826923e-05	7.401818939421174193e-01	1.225098756476197537e-01	
1  0.098122514689562651	7.340094636378121651e-01	1.223758834747047386e-01	
1  0.047581218226471711	7.446804741394478233e-01	1.223521812094114092e-01	
1  0.367281887174443267	7.281296491644771995e-01	1.222253090538467368e-01	
1  0.935964841579991269	7.208717756520988118e-01	1.222010590690624648e-01	
1  0.85672052820808664	7.217124166547730368e-01	1.220587627302608114e-01	
1  1.27770082185459599	7.176004143774049604e-01	1.220237499593313096e-01	
3  0.641026859274049676	7.242216508369783146e-01	1.219039724849272088e-01	
1  5.50532207321656486e-05	7.401509971045352465e-01	1.219570836948397352e-01	
2  0.362536909776862315	7.282085201495096527e-01	1.219092817141596286e-01	
1  0.571192654151382206	7.251226954446393647e-01	1.220527516727640538e-01	
1  0.282634973747512841	7.296238100329331955e-01	1.223521522725553728e-01	
1  0.888452882185593484	7.213713107076108466e-01	1.224651188202712099e-01	
1  0.000419857760429594011	7.398885145960959475e-01	1.226990098377514909e-01	
1  0.174477342167963595	7.486882788788580267e-01	1.228590167446025616e-01	
1  0.0498953881655631523	7.447857342921095913e-01	1.229012847752571774e-01	
1  0.43327371848895968	7.270814287764437722e-01	1.229570766345241123e-01	
1  0.140878042530878128	7.478374595847574469e-01	1.230347888355382557e-01	
2  0.374544076450526731	7.525900827967498818e-01	1.231634257287788636e-01	
1  0.123847708239213733	7.473671991466711573e-01	1.228976145900602668e-01	
2  1.82376187385630995	7.674198578257477310e-01	1.230097637880781108e-01	
1  0.0729098082136274833	7.457224595393964206e-01	1.232346484949980447e-01	
1  0.701227886600575889	7.571163962283325999e-01	1.235505512952622953e-01	
3  0.439208116926972481	7.536087884269871973e-01	1.234240819116546178e-01	
1  0.298186891922005703	7.512659842136629740e-01	1.235338822757202082e-01	
1  0.100708341234958809	7.466728847355992293e-01	1.233146932460223583e-01	
1  0.629399553850206961	7.243681372063178747e-01	1.236444947376366954e-01	
1  0.868311519227562445	7.215870988493474636e-01	1.236548286735239255e-01	
2  0.777650505890653765	7.225909374608483482e-01	1.234826736696476995e-01	
1  0.970075134621633306	7.205209226633239039e-01	1.234502962882281230e-01	
1  0.85693467145841451	7.217100937520989357e-01	1.236671791877933801e-01	
1  0.131385626180232862	7.330209069709224812e-01	1.237776021747887395e-01	
1  0.782408072100888807	7.225368491726031905e-01	1.236883497932637771e-01	
1  0.0421169150661673611	7.361787247716411464e-01	1.238323389669669511e-01	
2  0.461064624923507693	7.266640863181393906e-01	1.236405809882726581e-01	
1  0.00835958459279772387	7.421360972944218704e-01	1.236001594915253771e-01	
1  0.00938710568886396736	7.422456700599548984e-01	1.235884767313316090e-01	
1  0.438499543685301751	7.535980485777954430e-01	1.234270172616831335e-01	
1  0.168583836499362094	7.485453920212117307e-01	1.236036830107440365e-01	
1  0.00672427649544291885	7.419467441286010656e-01	1.236354935746816208e-01	
1  0.0124420249035470717	7.380599955796689482e-01	1.233919572824896949e-01	
1  0.0125277398351799126	7.425477070362329624e-01	1.232407586665419524e-01	
3  0.221622140624343433	7.308461237118848430e-01	1.231836148933756619e-01	
1  0.0942365623602149094	7.341352842021202640e-01	1.230747096981851252e-01	
2  1.16334545976830395	7.186400379267330329e-01	1.229207363210184784e-01	
1  0.907560608359685106	7.211688462935635924e-01	1.230520010434104083e-01	
1  0.11154712602839445	7.335929346965508469e-01	1.231912496095835668e-01	
1  0.591628354914623622	7.557464197460113109e-01	1.230863946546046778e-01	
1  0.0113681295102697755	7.424411537237903813e-01	1.229074323515974843e-01	
1  0.000474999797314958234	7.398623266991679603e-01	1.230064053223319381e-01	
2  0.632657085690858212	7.243269617944045891e-01	1.231346463642236932e-01	
1  0.435926066523478983	7.270410308052401849e-01	1.234437572351240325e-01	
1  0.192728079248375428	7.314839135780503154e-01	1.236107407490917159e-01	
1  0.25595173551215572	7.504597350308628290e-01	1.235284852458730098e-01	
1  0.0727568257560426562	7.348832322653728877e-01	1.234750032036277534e-01	
2  0.0171879868779989953	7.376672122477951898e-01	1.237173903864551144e-01	
1  0.265508047887564935	7.299523391265417827e-01	1.236468182900354457e-01	
1  1.06978587111171577e-05	7.403656828170910309e-01	1.236393381031872657e-01	
1  0.0706052684608489411	7.456360746494863356e-01	1.235417445966722483e-01	
1  0.501942769192726401	7.545275605765725535e-01	1.233214778228583636e-01	
1  0.15220945217004625	7.481347321505674719e-01	1.232884849061843674e-01	
2  0.127896740915786566	7.474817962708864005e-01	1.233447553458179718e-01	
2  0.0798340195754210225	7.459741046354799732e-01	1.234336171375161467e-01	
1  0.158998594829032558	7.483075560143311877e-01	1.233550965326579568e-01	
3  2.73701057374375576e-05	7.404050610119967679e-01	1.235459438090708573e-01	
1  0.00758390583604564607	7.385511610864460286e-01	1.234340834772225393e-01	
1  0.00453349926657639277	7.416521351945071228e-01	1.234801104203681749e-01	
3  0.184513932890860322	7.489261682603706172e-01	1.236059080731392035e-01	
1  0.0283292403758766131	7.369199680387925611e-01	1.235358143028698896e-01	
1  0.0319259725606512029	7.438881898241674895e-01	1.236380857656048798e-01	
2  0.0212235829859185668	7.432255848212897531e-01	1.238342180141664695e-01	
1  0.103565053124182072	7.467626399113612701e-01	1.238322658573771523e-01	
1  0.0893019437393286347	7.463011405475289406e-01	1.238308313900171320e-01	
1  0.147954169960546084	7.480244389868577759e-01	1.238610844427686791e-01	
1  0.432783129732806915	7.535110855178007716e-01	1.235424804393324000e-01	
2  1.5836286675289073	7.655714417681511730e-01	1.233417658505943648e-01	
1  1.7830988508374821	7.671158181781898566e-01	1.234987913906849255e-01	
1  0.356350426687527977	7.522878688712608675e-01	1.235583272533643806e-01	
1  7.24469876505098149e-05	7.404709281169956636e-01	1.235756554204680280e-01	
2  0.811211645829361561	7.583871620916622369e-01	1.235361358998404574e-01	
3  1.10662837027326844	7.614253660125405165e-01	1.236229940833962204e-01	
1  0.718893856855307267	7.573269056082603257e-01	1.238271503323331857e-01	
1  1.16425883873651315	7.619684633623535763e-01	1.237825955380465193e-01	
2  0.757531843534215987	7.577784851134323763e-01	1.237327285532213161e-01	
2  0.91181588862985008	7.594759513862192613e-01	1.235908933798908205e-01	
1  0.798549441401322446	7.582454456263511000e-01	1.235458010056803141e-01	
1  0.0419614066961466886	7.444136596957480201e-01	1.236271771159246080e-01	
1  0.00235213988764898995	7.412739460836673677e-01	1.234527437211443146e-01	
2  0.0269790701822487065	7.370014973968332939e-01	1.232475448056467998e-01	
1  0.266188366438897983	7.506609094396909931e-01	1.236071625691971265e-01	
5  0.0281482991565616333	7.436692203970440840e-01	1.234816775761405222e-01	
1  0.0753801412779745994	7.347864436726753157e-01	1.232694321818170596e-01	
1  0.00068969255488193586	7.408273890532924844e-01	1.229302653483688307e-01	
1  0.109020844945833695	7.336693193147493242e-01	1.227047985056392287e-01	
3  0.727281421256060767	7.231740532651725895e-01	1.228108772650544633e-01	
1  0.49060916257596221	7.262339819748574454e-01	1.225476109780411216e-01	
1  0.0630870102560889962	7.453439795297042147e-01	1.226275921614746883e-01	
1  0.358333414860987687	7.523211771280993165e-01	1.225160138138356725e-01	
1  0.15790418113634716	7.323200502402166245e-01	1.225414326253198571e-01	
1  0.26367485768080956	7.299881235167638982e-01	1.223817971582007863e-01	
1  0.118238835097390554	7.472053137088821018e-01	1.222463025148795152e-01	
1  0.0074809035623196133	7.385630777827972837e-01	1.224444053774981500e-01	
1  0.240758976205687508	7.304464077654780896e-01	1.227001568082483479e-01	
1  0.396284839681993517	7.529417463250515086e-01	1.226723955200646754e-01	
1  0.0383933684021422056	7.442348796181351700e-01	1.228910635326989353e-01	
2  0.019430788118446448	7.430992942382691480e-01	1.228165443544599472e-01	
1  0.0420055820439995398	7.444158244771496014e-01	1.228821561813925323e-01	
1  0.0761776421315225327	7.347573544657085565e-01	1.230194234549217835e-01	
1  0.0220813219118403507	7.373158827937550397e-01	1.231173306534739387e-01	
4  0.764357614038801425	7.227429461870856775e-01	1.232083298573332791e-01	
3  1.09800322913716619	7.192571213412604081e-01	1.230960750739859000e-01	
1  0.118199183951413003	7.333958442294566948e-01	1.234133250487703809e-01	
1  0.20903126294363486	7.494814011849993962e-01	1.235727913172224024e-01	
1  0.281497086152446674	7.509546771374621121e-01	1.235502987047701756e-01	
1  0.0599570112871116445	7.452172617900479912e-01	1.237973727721600886e-01	
1  0.0673787309851955479	7.455127243003739634e-01	1.235671015820580670e-01	
2  0.116208913433397981	7.471457819574844894e-01	1.233001721005599072e-01	
2  0.20178924831905734	7.493209516162159245e-01	1.230555622390501064e-01	
3  0.172896022530357241	7.486501801157844360e-01	1.229299214427407722e-01	
2  0.246397312193757295	7.502683051749782228e-01	1.227642738481715540e-01	
2  0.386643996345801599	7.527870248997242664e-01	1.228379310319811790e-01	
1  0.244464186157719338	7.502291246841644723e-01	1.230147140853385529e-01	
1  0.0422784594245512249	7.444291714806644533e-01	1.233123823823982917e-01	
1  0.0370606665416090414	7.441659831353615306e-01	1.232873893916377056e-01	
1  0.0467429471156562068	7.359582842432049743e-01	1.231420791872685633e-01	
1  0.0355636431382886364	7.365129026940400170e-01	1.231546762928145272e-01	
1  0.120522507696045805	7.472716796328905398e-01	1.233306167965152605e-01	
1  0.134214057090280003	7.476570269092458476e-01	1.234472840147583933e-01	
1  0.733212877772739913	7.574956415800105924e-01	1.234276668463042681e-01	
1  0.893305588802520312	7.592803129018538266e-01	1.234291631661969812e-01	
2  0.0369198743247360767	7.441586327782880872e-01	1.232550597586914709e-01	
1  0.135423156642964254	7.329099086195788315e-01	1.234396055702368378e-01	
1  0.921705045580642368	7.210203420470755464e-01	1.236065235671933160e-01	
1  0.0144884151891296123	7.427172066683409568e-01	1.235337411644473055e-01	
1  5.18741071246146243e-05	7.401553632483729439e-01	1.234424875648938297e-01	
1  0.0863971120398205755	7.462027304989655718e-01	1.233892447620683203e-01	
1  0.0334805982385680892	7.439745143431002461e-01	1.235972765942824625e-01	
1  0.579820342054506832	7.555914991921570678e-01	1.234680399087455110e-01	
1  0.13312888616048163	7.476272243865462741e-01	1.233069173560231158e-01	
2  1.14709737688553792	7.618081712414235263e-01	1.234472821707025547e-01	
1  0.296243553605293475	7.512301921436881358e-01	1.234538592448798100e-01	
1  0.219477939481705353	7.497080318576300195e-01	1.232612258666834076e-01	
1  1.40843153448911429	7.641325883870965230e-01	1.229367899011053061e-01	
1  1.23219386805174458	7.625916832721960636e-01	1.228674658880309356e-01	
2  1.08821021336821699	7.612488284838826447e-01	1.229125761386570120e-01	
2  1.02589126194298186	7.606401432668593587e-01	1.229354236371924536e-01	
1  0.671229350018484494	7.567527618433943504e-01	1.229945694481267976e-01	
2  0.745829643362879047	7.576429576074953376e-01	1.230713744852465485e-01	
1  1.04154794308343379	7.607947665145686766e-01	1.231558229006512462e-01	
6  1.7931615537794432	7.671913776405778762e-01	1.232234390768074811e-01	
2  0.0781005459251210288	7.459121643027162296e-01	1.233538186945591364e-01	
1  0.345900483871791509	7.521107894374514657e-01	1.235355623816702941e-01	
1  1.96766338510096039	7.684694744349892526e-01	1.237358158955082776e-01	
2  1.95217971823143133	7.683584218509945662e-01	1.236378178675421463e-01	
2  0.740995297611746317	7.575866591225969282e-01	1.235741659978716739e-01	
1  0.652026161036684204	7.565157056652762613e-01	1.237565369862246717e-01	
1  0.218474795178581094	7.496865070926099772e-01	1.235646332807332076e-01	
1  0.493651555642239503	7.544095641094755722e-01	1.237925872142760508e-01	
1  0.00727010216023832746	7.385877246719113609e-01	1.238695082614959947e-01	
1  0.00597587602973337784	7.387475982204110281e-01	1.240145898857276802e-01	
2  0.174394177984308951	7.319137204853694012e-01	1.239660322069578990e-01	
1  0.106583650082925238	7.468561463075072959e-01	1.239385718299342298e-01	
1  0.0137808887213698612	7.379425529054601807e-01	1.236996554245806679e-01	
1  0.00286930406417436291	7.392242988598126674e-01	1.238622574810213373e-01	
2  0.0095663065605654813	7.383358462102612707e-01	1.241908910239716279e-01	
1  0.0441415059625712841	7.360808310623315753e-01	1.242430991717611566e-01	
1  0.0565073946216131245	7.355262905301008791e-01	1.242709606286413748e-01	
1  0.118121955303836637	7.333981001068595740e-01	1.241102995490735300e-01	
2  0.439221261013760522	7.536089875701207363e-01	1.240827008189477054e-01	
